simplified_data = [
    [116.46, 39.92],
    [117.2, 39.13],
    [121.48, 31.22],
    [106.54, 29.59],
    [91.11, 29.97],
    [87.68, 43.77],
    [106.27, 38.47],
    [111.65, 40.82],
    [108.33, 22.84],
    [126.63, 45.75],
    [125.35, 43.88],
]
simplified_matrix = [
    [
        0.0,
        1.0824509226750245,
        10.044421337239898,
        14.321846947932372,
        27.232792732292438,
        29.0363720185563,
        10.292647861459168,
        4.893475247715052,
        18.916217909508234,
        11.722533855783912,
        9.732096382588903,
    ],
    [
        1.0824509226750245,
        0.0,
        8.993692234004902,
        14.305495447554412,
        27.651287492628626,
        29.88243631299161,
        10.949908675418264,
        5.801603226695184,
        18.548342243985044,
        11.521688244350297,
        9.433186100146644,
    ],
    [
        10.044421337239898,
        8.993692234004902,
        0.0,
        15.028655961196263,
        30.39571351358609,
        36.05471536429042,
        16.84952818330532,
        13.740047307051022,
        15.593168375926687,
        15.415686815708211,
        13.238296718233807,
    ],
    [
        14.321846947932372,
        14.305495447554412,
        15.028655961196263,
        0.0,
        15.434678487095226,
        23.596016612979405,
        8.884103781473964,
        12.337949586539896,
        6.983308671396387,
        25.782817922019298,
        23.622451185260168,
    ],
    [
        27.232792732292438,
        27.651287492628626,
        30.39571351358609,
        15.434678487095226,
        0.0,
        14.219876933363384,
        17.38032220644945,
        23.229595347315033,
        18.637738596728948,
        38.86745167875043,
        36.957620323824955,
    ],
    [
        29.0363720185563,
        29.88243631299161,
        36.05471536429042,
        23.596016612979405,
        14.219876933363384,
        0.0,
        19.33075528788256,
        24.150846776044933,
        29.402166586835055,
        39.00029358863852,
        37.67016060491379,
    ],
    [
        10.292647861459168,
        10.949908675418264,
        16.84952818330532,
        8.884103781473964,
        17.38032220644945,
        19.33075528788256,
        0.0,
        5.870851726964334,
        15.765167300095486,
        21.6223957969509,
        19.832158228493437,
    ],
    [
        4.893475247715052,
        5.801603226695184,
        13.740047307051022,
        12.337949586539896,
        23.229595347315033,
        24.150846776044933,
        5.870851726964334,
        0.0,
        18.2839492451713,
        15.770393146652994,
        14.037578138696137,
    ],
    [
        18.916217909508234,
        18.548342243985044,
        15.593168375926687,
        6.983308671396387,
        18.637738596728948,
        29.402166586835055,
        15.765167300095486,
        18.2839492451713,
        0.0,
        29.321631946397524,
        27.062187642539175,
    ],
    [
        11.722533855783912,
        11.521688244350297,
        15.415686815708211,
        25.782817922019298,
        38.86745167875043,
        39.00029358863852,
        21.6223957969509,
        15.770393146652994,
        29.321631946397524,
        0.0,
        2.2661200321253934,
    ],
    [
        9.732096382588903,
        9.433186100146644,
        13.238296718233807,
        23.622451185260168,
        36.957620323824955,
        37.67016060491379,
        19.832158228493437,
        14.037578138696137,
        27.062187642539175,
        2.2661200321253934,
        0.0,
    ],
]
