simplified_data = [
    [116.46, 39.92],
    [117.2, 39.13],
    [121.48, 31.22],
    [106.54, 29.59],
    [91.11, 29.97],
    [87.68, 43.77],
    [106.27, 38.47],
    [111.65, 40.82],
    [108.33, 22.84],
    [126.63, 45.75],
    [125.35, 43.88],
    [123.38, 41.8],
    [114.48, 38.03],
    [112.53, 37.87],
    [101.74, 36.56],
]
simplified_matrix = [
    [
        0.0,
        1.0824509226750245,
        10.044421337239898,
        14.321846947932372,
        27.232792732292438,
        29.0363720185563,
        10.292647861459168,
        4.893475247715052,
        18.916217909508234,
        11.722533855783912,
        9.732096382588903,
        7.170829798565854,
        2.737243138634192,
        4.432538775916118,
        15.09860920747338,
    ],
    [
        1.0824509226750245,
        0.0,
        8.993692234004902,
        14.305495447554412,
        27.651287492628626,
        29.88243631299161,
        10.949908675418264,
        5.801603226695184,
        18.548342243985044,
        11.521688244350297,
        9.433186100146644,
        6.732109624775868,
        2.9340074982862596,
        4.836992867474587,
        15.672156839439818,
    ],
    [
        10.044421337239898,
        8.993692234004902,
        0.0,
        15.028655961196263,
        30.39571351358609,
        36.05471536429042,
        16.84952818330532,
        13.740047307051022,
        15.593168375926687,
        15.415686815708211,
        13.238296718233807,
        10.74925113670715,
        9.766068809915279,
        11.150112107059734,
        20.449528111914965,
    ],
    [
        14.321846947932372,
        14.305495447554412,
        15.028655961196263,
        0.0,
        15.434678487095226,
        23.596016612979405,
        8.884103781473964,
        12.337949586539896,
        6.983308671396387,
        25.782817922019298,
        23.622451185260168,
        20.800713930055373,
        11.587803933446578,
        10.219515644099769,
        8.462913210000451,
    ],
    [
        27.232792732292438,
        27.651287492628626,
        30.39571351358609,
        15.434678487095226,
        0.0,
        14.219876933363384,
        17.38032220644945,
        23.229595347315033,
        18.637738596728948,
        38.86745167875043,
        36.957620323824955,
        34.370071283021794,
        24.72085152255076,
        22.83038326441324,
        12.50699804109683,
    ],
    [
        29.0363720185563,
        29.88243631299161,
        36.05471536429042,
        23.596016612979405,
        14.219876933363384,
        0.0,
        19.33075528788256,
        24.150846776044933,
        29.402166586835055,
        39.00029358863852,
        37.67016060491379,
        35.754313026542675,
        27.40780180897403,
        25.54080069222576,
        15.800876557963475,
    ],
    [
        10.292647861459168,
        10.949908675418264,
        16.84952818330532,
        8.884103781473964,
        17.38032220644945,
        19.33075528788256,
        0.0,
        5.870851726964334,
        15.765167300095486,
        21.6223957969509,
        19.832158228493437,
        17.431035540093422,
        8.22178204527462,
        6.288688257498544,
        4.916197717748951,
    ],
    [
        4.893475247715052,
        5.801603226695184,
        13.740047307051022,
        12.337949586539896,
        23.229595347315033,
        24.150846776044933,
        5.870851726964334,
        0.0,
        18.2839492451713,
        15.770393146652994,
        14.037578138696137,
        11.770866578124133,
        3.9740407647632385,
        3.078457405909656,
        10.786829932839407,
    ],
    [
        18.916217909508234,
        18.548342243985044,
        15.593168375926687,
        6.983308671396387,
        18.637738596728948,
        29.402166586835055,
        15.765167300095486,
        18.2839492451713,
        0.0,
        29.321631946397524,
        27.062187642539175,
        24.20710846011972,
        16.38775762574002,
        15.605796999833105,
        15.220594600737519,
    ],
    [
        11.722533855783912,
        11.521688244350297,
        15.415686815708211,
        25.782817922019298,
        38.86745167875043,
        39.00029358863852,
        21.6223957969509,
        15.770393146652994,
        29.321631946397524,
        0.0,
        2.2661200321253934,
        5.115173506343653,
        14.395169328632429,
        16.152535404697304,
        26.532399062278557,
    ],
    [
        9.732096382588903,
        9.433186100146644,
        13.238296718233807,
        23.622451185260168,
        36.957620323824955,
        37.67016060491379,
        19.832158228493437,
        14.037578138696137,
        27.062187642539175,
        2.2661200321253934,
        0.0,
        2.8648385643871834,
        12.344205118192091,
        14.15883116644873,
        24.71870749048178,
    ],
    [
        7.170829798565854,
        6.732109624775868,
        10.74925113670715,
        20.800713930055373,
        34.370071283021794,
        35.754313026542675,
        17.431035540093422,
        11.770866578124133,
        24.20710846011972,
        5.115173506343653,
        2.8648385643871834,
        0.0,
        9.665552234611317,
        11.539818022828603,
        22.265381200419633,
    ],
    [
        2.737243138634192,
        2.9340074982862596,
        9.766068809915279,
        11.587803933446578,
        24.72085152255076,
        27.40780180897403,
        8.22178204527462,
        3.9740407647632385,
        16.38775762574002,
        14.395169328632429,
        12.344205118192091,
        9.665552234611317,
        0.0,
        1.9565530915362384,
        12.824527281736362,
    ],
    [
        4.432538775916118,
        4.836992867474587,
        11.150112107059734,
        10.219515644099769,
        22.83038326441324,
        25.54080069222576,
        6.288688257498544,
        3.078457405909656,
        15.605796999833105,
        16.152535404697304,
        14.15883116644873,
        11.539818022828603,
        1.9565530915362384,
        0.0,
        10.869231803582078,
    ],
    [
        15.09860920747338,
        15.672156839439818,
        20.449528111914965,
        8.462913210000451,
        12.50699804109683,
        15.800876557963475,
        4.916197717748951,
        10.786829932839407,
        15.220594600737519,
        26.532399062278557,
        24.71870749048178,
        22.265381200419633,
        12.824527281736362,
        10.869231803582078,
        0.0,
    ],
]
